40950000    
40950001    40950206
40950002    40950207
40950003    40950208
40950004    40950209
40950005    40950210
40950006    40950211
40950007    40950212
40950008    40950213
40950009    40950214
40950010    40950215
40950011    40950216
40950012    40950217
40950013    40950218
40950014    40950219
40950015    40950220
40950016    40950221
40950017    40950222
40950018    40950223
40950019    40950224
40950020    40950225
40950021    40950226
40950022    40950227
40950023    40950228
40950024    40950229
40950025    40950230
40950026    40950231
40950027    40950232
40950028    40950233
40950029    40950234
40950030    40950235
40950031    40950236
40950032    40950237
40950033    40950238
40950034    40950239
40950035    40950240
40950036    40950241
40950037    40950242
40950038    40950243
40950039    40950244
40950040    40950245
40950041    40950246
40950042    40950247
40950043    40950248
40950044    40950249
40950045    40950250
40950046    40950251
40950047    40950252
40950048    40950253
40950049    40950254
40950050    40950255
40950051    40950256
40950052    40950257
40950053    40950258
40950054    40950259
40950055    40950260
40950056    40950261
40950057    40950262
40950058    40950263
40950059    40950264
40950060    40950265
40950061    40950266
40950062    40950267
40950063    40950268
40950064    40950269
40950065    40950270
40950066    40950271
40950067    40950272
40950068    40950273
40950069    40950274
40950070    40950275
40950071    40950276
40950072    40950277
40950073    40950278
40950074    40950279
40950075    40950280
40950076    40950281
40950077    40950282
40950078    40950283
40950079    40950284
40950080    40950285
40950081    40950286
40950082    40950287
40950083    40950288
40950084    40950289
40950085    40950290
40950086    40950291
40950087    40950292
40950088    40950293
40950089    40950294
40950090    40950295
40950091    40950296
40950092    40950297
40950093    40950298
40950094    40950299
40950095    40950300
40950096    40950301
40950097    40950302
40950098    40950303
40950099    40950304
40950100    40950305
40950101    40950306
40950102    40950307
40950103    40950308
40950104    40950309
40950105    
40950106    
40950107    
40950108    
40950109    
40950110    
40950111    
40950112    
40950113    
40950114    
40950115    
40950116    
40950117    
40950118    
40950119    
40950120    
40950121    
40950122    
40950123    
40950124    
40950125    
40950126    
40950127    
40950128    
40950129    
40950130    
40950131    
40950132    
40950133    
40950134    
40950135    
40950136    
40950137    
40950138    
40950139    
40950140    
40950141    
40950142    
40950143    
40950144    
40950145    
40950146    
40950147    
40950148    
40950149    
40950150    
40950151    
40950152    
40950153    
40950154    
40950155    
