
24886836
24886798
24886851
24887011
24886846
24887251
24887148
24886768
24886942
24886765
24886850
24886830
24886823
24886962
24887056
24887381
24886909
24886899
24886854
24886843
24887670
24887372
24887467
24887328
24886902
24886759
24886861
24886940
24886773
24886998
25181487
24886835
24888388
24889799
24887337
24886857
24886808
25181571
25188218
24886564
24886978
24886586
24886755
24886565
24886600
24886522
24886506
24886525
24886727
24886663
24886597
25185105
24887404
24887116
24886571
24886612
24886947
24887158
24886937
24886476
24886552
24886498
24886534
24886451
24887009
24886615
24886590
24886496
24886559
25188530
24886594
24886991
24886459
24886749
24886542
24886743
24887151
24886555
24886584
24886673
25186726
24886484
24886494
24886446
24886442
24886489
24886449
24886441
24887613
24887638
24886548
24886473
24886637
24886654
24886703
24886626
24886463
24886503
24886645
24886610
24886709
24886707
24886562
24889904
24886741
24886528
24886474
24886667
24887513
24886926
24889869
24886660
25185743
24887289
24886576
24886631
24886532
24886526
24886587
24886470
24886510
24886551
24889284
25188276
24886577
25040745
24886536
24887350
25188463
24887243
24886537
24886580
24886574
24886541
24886501
24886718
24888664
24886483
24886557
24886505
24886965
24886585
24886621
24886520
24886513
24886436
24886454
24886701
24886923
24886464
24886456
24886524
24886625
24886480
24886591
24886568
24886468
24886623
24886433
24886466
24889903
24889688
24886916
24887806
24886652
24886461
24886582
24887584
24886661
24886731
24886445
24886514
24886644
24886596
24886669
24886588
24886518
24886598
24886516
24886648
24886968
24886920
24889578
24886439
24886636
24886674
25188233
24886560
24886482
24886646
24886921
24886589
24887710
25188254
24887966
24887360
24886540
24886955
25188258
24886530
24886509
25187887
24887012
24886980
24887016
24886752
24887120
24886973
24886908
24887128
24887100
24887355
24887212
24886822
24886847
24886705
24886746
24886934
24887184
24887124
24887367
24887347
24886976
24887374
24887449
24886799
24887135
24886782
24886779
24887115
24889821
24886831
24887343
24887786
24886981
24886953
24886775
25015725
24886724
24886700
24886699
24886780
24886728
24886960
24886764
24886796
24886875
25188445
24886990
24886763
24888802
24886928
24886970
24886862
24886704
24886723
24886695
24888407
24886786
24887088
24887790
24886789
24887147
24886734
24887918
24886715
24886936
24886745
24886762
24889579
24886748
24886698
24886876
24886719
24886722
24886740
24887082
24887006
24886924
24886717
25188457
24886933
24887010
24886730
24887087
24886917
24889039
24886761
24886738
24887002
24886855
25188175
24886939
24886839
24887358
24887351
24886858
24886993
25188430
24887339
24887652
24886915
24886721
24886952
24887708
24888943
24887443
24887549
24887972
24887460
24887453
24887247
24887701
24887237
24887415
24887232
24887663
24887692
24887448
24887772
24887111
24887195
24887808
25181739
24888540
24887736
24887568
24887327
24887614
24887262
24887691
24887703
24887631
24887463
25188075
24887674
24889575
24887518
24887740
25188432
24887092
24887610
24887484
24887566
24887519
24887263
24887591
24887764
24887486
24887673
24887482
24887403
24887732
24887766
24887451
24887421
24887382
24887389
25021589
24887396
24887661
24887735
24887574
24887644
24888093
24887801
24887571
24887667
24887752
24887654
24887679
24887563
24887649
24887598
24887046
24887707
24887583
24887615
24887682
24887497
24887588
24887501
24887510
24887730
24887585
24887502
24887559
24887804
24887723
24887635
24887742
24887686
24887793
24887599
24887617
24887632
24887621
24887485
24887841
24887683
24887817
25187920
24887625
24887657
24888058
24887659
24886912
24889585
24886751
24887164
24886785
24889895
24886987
24887083
24888588
24887245
24887000
24886795
24887063
24886803
24886914
24886906
24886910
24889917
24887733
24887357
24887076
24886787
24887003
24886811
24887743
24887578
24889010
24887824
25180698
25186292
24887241
24887592
24885812
24887623
24887605
24887712
24887550
24887371
25188176
24887537
24887722
24887603
24886984
24887721
24887609
24887586
24887595
24887505
24886903
24887520
24887716
24887629
24887544
24887684
24887204
25180274
24887720
24887558
24887646
24888339
24887590
24887655
24889791
24887125
24887596
24887317
24887218
24887607
24887569
24887163
24887474
24887748
24887488
24886961
24887408
24887775
24887393
24887261
24887329
24887045
24887226
25182183
24887658
24887321
24887167
24887664
24888026
25188001
24888993
24887044
24887294
24887557
24888318
24888659
24887690
24888509
24887183
24887636
24887236
24887418
24887643
24887464
24887186
24887398
24887458
24887225
24887789
24887430
24887779
24887433
24887281
24887170
24887774
24887480
24887362
24887541
24887368
25187750
24887445
24887478
24887528
24887392
24887429
24887427
25183535
24887304
24887345
24887384
24886892
24887240
24887468
24887021
24887208
24887524
24887150
24887826
24887216
24887512
24887129
24887052
24887807
24887106
24887048
24887202
24887101
24887758
24887138
24887539
24887792
24887805
24887813
24887739
24887628
25186367
24887776
24887818
24887676
24889387
24887656
25183889
24887671
24887767
25183638
24887450
24887745
24887770
24887627
24888119
24887757
24887866
24888323
24887705
24887702
25187968
24887530
24887695
24888043
24887794
24887892
24887651
25188473
24887535
25029327
24887803
24887428
24887795
24887452
24887435
25187947
24887498
24887575
24887454
24887506
24887618
24887579
24887409
24887522
24887626
24887573
24887268
24887547
24887778
24887437
24887672
24887597
24888017
24887543
24887425
25180176
24887773
24887542
24887777
24887698
24887532
24887600
24887784
24887606
25185381
24888234
24888338
24887165
24887753
24887227
24887152
24887313
24887286
24887096
24887154
24887508
24887126
24887494
24886913
24887137
24887413
24887255
24887493
24887422
24887097
24887401
24887133
24887266
24887228
24887320
24887363
24887288
24887572
24887109
24887275
24887580
24887118
24887197
24887224
24887755
24887198
24887181
24887376
24887114
24887491
24887191
24887611
24887300
24887203
24887798
24887370
24887122
25187398
24887311
24887220
24887729
24887123
24887153
24887788
24887466
24887336
25188109
24887271
24887160
24887630
24887633
24887264
24887379
24887503
25188492
24887640
24886860
24887180
24887340
24887637
24887258
24887481
24887436
24887420
24887213
24887302
24887477
24887229
24887704
24887159
24887168
24887332
24887215
24887666
25188100
24887825
24887677
24887533
24887747
24886893
24887272
24886817
25186569
24887489
24887058
24887112
24886841
24886879
24887307
25188108
24886935
24887047
25188512
24886983
24886900
24886930
24886897
24886901
24886886
24887306
24887178
25188028
24886918
24887103
24887734
24886889
24887487
24887098
24887622
24886845
24887075
24886813
24887030
24886964
24887175
24886852
24887564
24887470
24887244
24886907
24887027
24886884
24886856
24887322
25186918
25181149
24887325
24887072
24887660
24887312
24886881
24887525
24887171
24887642
24887013
24887277
24889295
24887070
24887185
24887426
24886941
24886880
24887001
24886896
24886898
24886895
24886871
24887007
24886997
24887616
24887233
24886825
24886837
24886849
24886966
24887054
24886828
24887193
24886809
24886800
24887297
24887057
24886957
25187868
24887284
24887694
24887252
24887066
24887069
24887086
24886950
24887728
24886925
24887179
24887053
24886834
24887214
24887081
24887303
24886905
24887260
24886874
24887762
24887783
24886954
24887639
24886887
24886945
24886844
24887746
24886951
24887005
24887020
24887162
24887442
24886867
24887017
24886812
24886944
24886819
24887141
24886754
24886756
25188079
24888468
24886949
24887189
24886938
24886753
24887285
24887814
24886986
24887014
24886804
24887536
24886963
24886956
24886769
24887678
24886772
24887395
24886870
24886713
24886967
24888514
24887059
24886985
24887132
24887127
24887462
24886790
24887131
24887093
24887234
24886883
24886989
24886848
24886988
24887222
24886793
24886842
24886810
24887383
24887238
24886805
24887256
24886922
24886958
25187471
24886820
24886853
25187824
24886866
24886863
24887440
24887049
24887105
25188501
24886885
24886801
24886869
24886794
24886806
24887387
24887074
24886992
24887051
24886969
24887785
24887157
24886878
24888960
25188469
24887018
24887019
24888573
24887316
25188508
25187834
24887078
24887177
24886890
24887091
24888647
24888066
24887823
24887787
24887711
24887904
24887738
24887781
24887726
24888613
24887782
24887759
24887561
24888539
24887386
24886859
24886791
24886760
24887061
24887055
24886919
24887267
24887077
24886814
24886776
24886726
24886816
24886868
24886737
24886732
24886777
24886757
25180194
24886982
24886766
24886774
24887073
24887107
25181669
24886977
24886840
24887330
25180195
24886824
24887089
25188467
24886927
24886929
24887094
24887457
24887399
24887090
24887388
24887353
24887548
24887552
24887582
24887223
24887385
24887309
24887161
24887254
24887217
24887139
24887681
24887119
24887221
24887104
24887172
24887554
25181740
24887348
24887713
24887342
24887099
24887308
24887391
25184737
24887037
24887662
24887293
25188021
24887412
24887715
24887526
24887751
24887423
24887545
24888095
25185930
25188077
24887424
24887531
24887570
24889925
24887199
24887295
25184918
24887514
24887581
24887459
24887142
24887624
25187954
24887641
24887750
24887287
24887369
24887023
24887338
24887352
24887475
24887022
24888337
24887279
24887645
24887248
24887242
24887402
24887504
24887062
24886877
24887431
24887359
24887556
24887065
24887414
24887688
24887604
24887601
24887377
24887696
24887650
24887209
24887446
24887291
24887560
24887176
24887211
24887373
24887341
24887405
24886931
24887754
24887515
24887416
24887265
24887529
24887562
24888090
24887273
24889119
24887169
24887724
25188531
24887517
24887496
24887250
24887567
24888031
24887620
24887095
24887323
24887589
24887143
24886974
24888036
24887259
25187925
24887406
24887331
24887156
24887490
24887874
24887375
24887521
24887447
24887495
24887565
24887653
24887207
24887612
24887648
24887378
24887697
24887456
24887749
24887685
24887411
24887483
24887820
24887763
24887602
25181747
24887810
24887594
24887619
24887699
24888021
24700170
24887274
24887200
24887540
24887407
24887346
24887553
24887432
25186919
24887365
24887235
24887205
24887146
24887390
24887500
24887301
24888094
24889862
24887298
24887292
24887417
24887230
24887687
24887283
24887714
24887465
24887394
24887140
24887324
24887239
24887718
24888214
24887725
24887310
24887555
24887318
24937882
24887593
24887305
25187650
24887669
24887438
24888651
24887333
25188063
24887335
24887400
24887380
24887354
24887246
24887326
24887192
24887314
24887706
24887768
24887319
24887741
24887136
24887509
24887299
24887334
24887499
24887439
24887108
24887315
24887190
24887270
24887809
24887278
24887693
24887282
24887280
24887576
24883963
24887113
24887253
24886972
24886758
24887760
24887219
24886979
24886778
24886729
24886807
24887173
24886826
24887071
24886872
24886959
24887068
24886971
24887130
24886932
24886943
24886904
24886784
24888399
24886865
24886999
24887182
24886995
24887144
24887700
24886711
24887356
24887008
24887249
24887196
24889931
24886781
24887538
24889929
41760000
